0 0.874490 0.109021 0.005182 0.025207
2 0.226367 0.915432 0.106597 0.053746
3 0.312779 0.625678 0.106587 0.059266
2 0.657879 0.919055 0.107075 0.160466
2 0.744160 0.919029 0.107048 0.160496
2 0.571593 0.919047 0.107074 0.160441
2 0.053834 0.759930 0.106477 0.078762
2 0.830439 0.857203 0.107073 0.160356
2 0.744163 0.857211 0.107041 0.160363
2 0.830442 0.919033 0.107082 0.160500
2 0.399060 0.919059 0.107015 0.160454
2 0.493061 0.519503 0.091294 0.039224
2 0.436254 0.252280 0.025243 0.014692
2 0.946186 0.857196 0.106992 0.160243
2 0.946179 0.919046 0.106982 0.160274
2 0.139913 0.710971 0.106206 0.059417
2 0.744187 0.097981 0.106997 0.125904
1 0.504177 0.339240 0.045084 0.037136
2 0.312781 0.080652 0.107068 0.160347
2 0.312776 0.919055 0.106987 0.160369
2 0.226498 0.080653 0.107072 0.160312
2 0.140221 0.080662 0.107093 0.160276
2 0.642006 0.229205 0.075388 0.021821
2 0.053927 0.262039 0.106952 0.057143
2 0.830438 0.250198 0.106953 0.080276
0 0.618041 0.279924 0.014430 0.041762
2 0.485338 0.919100 0.107033 0.160320
2 0.571613 0.598373 0.106894 0.160335
2 0.399059 0.727804 0.106959 0.160223
2 0.830451 0.727792 0.107036 0.160327
0 0.650611 0.165713 0.026016 0.027884
2 0.485341 0.857225 0.106982 0.160317
2 0.571541 0.495962 0.106740 0.046440
2 0.312788 0.727787 0.106941 0.160341
2 0.485352 0.602278 0.106950 0.152609
2 0.053939 0.080666 0.107104 0.160339
2 0.399054 0.857258 0.107025 0.160312
2 0.946340 0.119630 0.106360 0.082647
2 0.744178 0.727788 0.106888 0.160255
2 0.312781 0.857206 0.106891 0.160289
3 0.399038 0.080714 0.106895 0.160247
3 0.605088 0.788081 0.039871 0.017410
2 0.946190 0.468888 0.106947 0.160274
2 0.744155 0.262547 0.106978 0.055785
0 0.195456 0.408582 0.003608 0.013025
2 0.657895 0.857269 0.106944 0.160319
2 0.485320 0.727811 0.106913 0.160175
2 0.946193 0.727806 0.106938 0.160190
2 0.571757 0.316643 0.094765 0.051851
2 0.916702 0.239164 0.106975 0.101485
2 0.946191 0.598456 0.106857 0.160050
3 0.238555 0.656472 0.082672 0.044377
2 0.399061 0.616521 0.106971 0.124122
2 0.399044 0.446155 0.106890 0.033035
2 0.571586 0.127453 0.107019 0.067110
3 0.740409 0.634232 0.097016 0.039421
2 0.053930 0.857188 0.106889 0.160136
2 0.140190 0.727978 0.106949 0.159722
1 0.308968 0.257302 0.026594 0.043602
2 0.140201 0.857263 0.106990 0.160051
1 0.312017 0.308574 0.008108 0.040369
2 0.226486 0.727755 0.107003 0.160392
2 0.053933 0.919119 0.106865 0.160145
0 0.213709 0.424430 0.009304 0.016667
2 0.571612 0.857295 0.107136 0.160046
1 0.926869 0.247394 0.002333 0.003779
2 0.226519 0.642400 0.106813 0.072484
2 0.053905 0.385083 0.106905 0.069501
3 0.053939 0.262065 0.106874 0.056887
1 0.053916 0.080753 0.106961 0.160238
2 0.830439 0.598389 0.106903 0.160222
2 0.140200 0.919034 0.106874 0.160014
2 0.205337 0.406306 0.065011 0.027381
0 0.047068 0.411812 0.014961 0.028271
2 0.583709 0.189821 0.082668 0.043759
3 0.658712 0.579455 0.105145 0.040232
2 0.312745 0.340006 0.106983 0.157638
2 0.140510 0.345173 0.105332 0.040230
1 0.463515 0.941556 0.002581 0.003682
2 0.226479 0.857374 0.107070 0.160011
1 0.946185 0.919166 0.106898 0.160135
2 0.657904 0.727746 0.106895 0.160191
0 0.043585 0.409411 0.005629 0.024046
2 0.312751 0.462597 0.106813 0.031844
2 0.571601 0.727813 0.106875 0.160017
2 0.053891 0.598913 0.106567 0.158421
0 0.946186 0.919119 0.106935 0.160113
0 0.744157 0.857301 0.106989 0.160174
0 0.657883 0.857316 0.106957 0.160149
3 0.484764 0.714278 0.105361 0.042357
0 0.830439 0.857294 0.106999 0.160167
2 0.657652 0.468662 0.106435 0.049863
1 0.312773 0.727873 0.106903 0.160153
0 0.485332 0.857239 0.106849 0.160171
3 0.312758 0.472962 0.106847 0.151935
0 0.571596 0.919107 0.107058 0.160367
2 0.657904 0.113066 0.107023 0.095971
1 0.916724 0.857238 0.106882 0.160186
2 0.946178 0.369976 0.106826 0.094913
2 0.657877 0.598490 0.106877 0.159806
0 0.312756 0.919117 0.106901 0.160218
0 0.399044 0.857291 0.106859 0.160173
2 0.749346 0.400138 0.096396 0.039546
0 0.830442 0.727829 0.106899 0.160191
0 0.399039 0.919106 0.106890 0.160334
3 0.916727 0.919111 0.106960 0.160151
0 0.744161 0.727853 0.106849 0.160096
3 0.141043 0.946869 0.104839 0.051350
0 0.485331 0.919149 0.106943 0.160124
2 0.651269 0.156222 0.023846 0.010166
1 0.312770 0.857305 0.106893 0.160124
1 0.051049 0.287694 0.005211 0.006358
0 0.251873 0.230061 0.010505 0.029521
0 0.140196 0.857315 0.106875 0.159964
2 0.053881 0.504733 0.107060 0.044259
3 0.140223 0.598298 0.106602 0.159354
1 0.420428 0.273264 0.006200 0.028638
0 0.830438 0.919075 0.106920 0.160312
0 0.312761 0.857249 0.106837 0.160142
2 0.226474 0.919145 0.106893 0.160017
0 0.898458 0.190044 0.007276 0.033785
0 0.399048 0.727845 0.106852 0.160017
1 0.213738 0.424441 0.009632 0.016764
0 0.485313 0.727798 0.106826 0.160133
1 0.485336 0.602476 0.106895 0.151966
0 0.657885 0.919092 0.106921 0.160255
2 0.485336 0.142906 0.106948 0.036584
0 0.308951 0.257307 0.026475 0.043493
2 0.399056 0.080658 0.107077 0.160312
1 0.830428 0.250320 0.107006 0.079997
3 0.916722 0.727857 0.106821 0.159946
3 0.485329 0.339487 0.106819 0.159669
1 0.493088 0.519466 0.091087 0.038874
2 0.140120 0.483224 0.106627 0.054480
0 0.582812 0.178482 0.007155 0.014217
0 0.187786 0.353247 0.009101 0.044380
0 0.140212 0.919052 0.106787 0.160129
1 0.213070 0.505815 0.079804 0.086777
3 0.744164 0.598431 0.106896 0.159863
3 0.571606 0.857356 0.106940 0.159842
0 0.946190 0.857217 0.106907 0.160101
1 0.140197 0.857350 0.106924 0.159900
0 0.744151 0.919064 0.106910 0.160308
1 0.946178 0.727899 0.106903 0.160033
1 0.571608 0.857379 0.106989 0.159931
1 0.226332 0.915559 0.106504 0.053698
1 0.485336 0.857306 0.106913 0.160185
2 0.312776 0.499267 0.106875 0.099304
0 0.327507 0.208689 0.012855 0.022500
3 0.917052 0.501000 0.105469 0.038069
2 0.891130 0.381125 0.056092 0.028939
2 0.657881 0.469155 0.106868 0.159126
0 0.657896 0.727710 0.106848 0.160099
0 0.328487 0.396593 0.019915 0.016560
2 0.140176 0.425885 0.106886 0.050887
2 0.399049 0.330638 0.107114 0.142686
0 0.571522 0.495863 0.106641 0.046779
2 0.840903 0.131787 0.078979 0.057832
0 0.946188 0.598475 0.106793 0.159998
1 0.226492 0.642406 0.106890 0.072476
1 0.571510 0.495985 0.106555 0.046274
1 0.053904 0.919229 0.107061 0.160056
0 0.571623 0.727801 0.106864 0.159896
3 0.946164 0.339292 0.106855 0.159294
1 0.571599 0.598466 0.106915 0.160228
1 0.874505 0.108942 0.005309 0.025166
0 0.312762 0.727820 0.106864 0.160183
3 0.657990 0.656167 0.105926 0.040597
1 0.916703 0.469516 0.107117 0.159225
0 0.571614 0.598370 0.106916 0.160197
1 0.522582 0.335954 0.009546 0.020759
3 0.054007 0.754210 0.105786 0.066545
2 0.830433 0.469096 0.106971 0.159771
3 0.944697 0.492443 0.103366 0.036655
0 0.830447 0.598378 0.106856 0.160170
1 0.744163 0.262716 0.106959 0.055404
3 0.054058 0.862817 0.106446 0.048026
2 0.830397 0.395948 0.106576 0.046783
3 0.744197 0.097865 0.107021 0.125617
0 0.226477 0.857370 0.106847 0.159818
1 0.571801 0.316774 0.094612 0.051739
0 0.557725 0.185047 0.007351 0.015821
3 0.571611 0.241616 0.106583 0.028138
0 0.226477 0.727763 0.106826 0.160219
1 0.666780 0.314622 0.002801 0.003615
1 0.140164 0.728027 0.106993 0.159761
2 0.509918 0.223982 0.014034 0.011868
1 0.946336 0.119652 0.106323 0.082213
2 0.616142 0.178325 0.024030 0.020613
1 0.226477 0.727759 0.106909 0.160255
2 0.140159 0.252390 0.106703 0.076020
0 0.421211 0.251460 0.008400 0.018322
0 0.399026 0.446230 0.106801 0.033538
3 0.053912 0.602806 0.106237 0.148930
0 0.420762 0.265342 0.010803 0.044799
1 0.618016 0.279938 0.014454 0.041724
1 0.946175 0.598530 0.106957 0.159939
1 0.056206 0.705215 0.004231 0.010623
3 0.617812 0.784759 0.027106 0.015219
1 0.226473 0.857369 0.106969 0.159805
3 0.655766 0.769228 0.102622 0.047898
3 0.843333 0.600596 0.079257 0.033303
1 0.139899 0.711156 0.106143 0.059124
1 0.053895 0.857254 0.106941 0.159992
1 0.485306 0.727874 0.107025 0.160110
1 0.312764 0.462748 0.106701 0.031940
1 0.658834 0.579517 0.104905 0.040079
3 0.485347 0.143360 0.106856 0.035636
2 0.744121 0.375163 0.106727 0.034516
1 0.312806 0.625661 0.106306 0.058835
3 0.399047 0.339244 0.107034 0.159392
1 0.657612 0.468767 0.106315 0.049467
2 0.657882 0.359274 0.106958 0.093101
2 0.744196 0.433504 0.106737 0.088382
0 0.657612 0.468283 0.106394 0.050611
1 0.399044 0.616632 0.107040 0.123915
1 0.140185 0.919097 0.106918 0.159975
3 0.140125 0.831301 0.106554 0.046760
2 0.155996 0.660809 0.075410 0.035995
2 0.226678 0.318117 0.106504 0.040164
2 0.830356 0.420376 0.106850 0.063707
1 0.830429 0.598442 0.106898 0.160126
3 0.571590 0.799707 0.106780 0.042744
1 0.657857 0.469154 0.106840 0.159137
1 0.140188 0.598372 0.106604 0.159450
3 0.831786 0.607711 0.103568 0.051172
1 0.226470 0.919185 0.106882 0.159923
1 0.657882 0.727755 0.106887 0.160110
0 0.830422 0.469050 0.106875 0.159632
2 0.019423 0.457212 0.030875 0.018355
0 0.221512 0.234233 0.070716 0.043199
3 0.744165 0.339544 0.106825 0.159208
1 0.053777 0.760134 0.106417 0.079327
2 0.399071 0.337770 0.106281 0.037443
3 0.830428 0.469089 0.106889 0.159600
0 0.226481 0.919179 0.106850 0.160013
1 0.399063 0.446249 0.106755 0.033185
3 0.458814 0.532776 0.022494 0.011075
2 0.055230 0.443567 0.104025 0.046934
1 0.657877 0.598492 0.106859 0.159698
1 0.123087 0.258326 0.072035 0.064440
1 0.891157 0.381219 0.056150 0.028812
1 0.650611 0.165681 0.026027 0.027845
3 0.571572 0.242019 0.106965 0.096621
3 0.830447 0.339732 0.106832 0.159200
0 0.485354 0.079169 0.106963 0.157032
1 0.744144 0.598429 0.106929 0.159879
1 0.236935 0.277559 0.019933 0.026091
1 0.571604 0.727855 0.106923 0.159940
2 0.755653 0.433690 0.083688 0.033709
3 0.479992 0.349619 0.095298 0.059753
3 0.946308 0.567345 0.105869 0.040129
0 0.830452 0.182931 0.106789 0.105575
3 0.657883 0.340848 0.106911 0.154449
3 0.485341 0.080389 0.106766 0.159683
3 0.436274 0.252243 0.025244 0.014836
2 0.485362 0.075848 0.106869 0.151054
2 0.428819 0.153121 0.047600 0.016188
1 0.078231 0.539659 0.018350 0.019471
3 0.571552 0.339609 0.106907 0.158908
0 0.056188 0.705165 0.004239 0.010849
2 0.399011 0.267551 0.106678 0.045652
1 0.916695 0.339470 0.106879 0.159573
0 0.744187 0.199969 0.106819 0.139465
0 0.916743 0.469471 0.106895 0.159146
1 0.740452 0.634368 0.096024 0.039244
0 0.053924 0.261891 0.106719 0.057088
3 0.657473 0.471384 0.106228 0.041976
2 0.221433 0.234219 0.070925 0.043540
1 0.651335 0.156194 0.024000 0.010148
3 0.755675 0.433827 0.083712 0.033945
3 0.917141 0.122264 0.105694 0.077055
2 0.611721 0.299070 0.015185 0.014015
1 0.134941 0.438661 0.010941 0.017895
1 0.946158 0.369462 0.106801 0.095215
2 0.399072 0.489753 0.106902 0.118281
3 0.485283 0.254945 0.106895 0.070660
2 0.571571 0.412018 0.106888 0.033342
1 0.666840 0.314671 0.004041 0.005614
0 0.571577 0.127409 0.106916 0.066967
2 0.657857 0.393479 0.106690 0.033093
0 0.830334 0.421085 0.106951 0.064925
3 0.428749 0.153160 0.047641 0.016177
1 0.312787 0.080720 0.107056 0.160415
3 0.744270 0.434604 0.106460 0.058597
3 0.571600 0.470633 0.106761 0.144247
1 0.140449 0.345303 0.105938 0.040286
1 0.226506 0.080735 0.107047 0.160234
3 0.140176 0.252141 0.106590 0.076174
3 0.830299 0.392597 0.106531 0.038876
1 0.140226 0.080747 0.107026 0.160174
3 0.146983 0.342756 0.091978 0.034422
2 0.459971 0.363954 0.056178 0.031018
3 0.399032 0.469096 0.106858 0.159620
1 0.571576 0.412041 0.106896 0.033482
2 0.485235 0.430446 0.106592 0.030019
3 0.750389 0.629585 0.070338 0.026553
3 0.571611 0.080687 0.106802 0.159964
0 0.848731 0.202092 0.007559 0.031695
0 0.648801 0.279164 0.008936 0.018656
1 0.328406 0.392724 0.019546 0.022334
2 0.226433 0.456230 0.107067 0.074425
0 0.213320 0.582389 0.080428 0.126291
3 0.046002 0.401401 0.016659 0.037300
3 0.830458 0.083577 0.106886 0.152924
0 0.236933 0.277582 0.019890 0.026162
3 0.946137 0.231006 0.106001 0.091101
2 0.312765 0.437203 0.107028 0.078946
1 0.101295 0.656637 0.009596 0.010859
1 0.187688 0.353388 0.008736 0.043852
0 0.051007 0.288682 0.005267 0.008474
0 0.657871 0.598463 0.106798 0.159821
3 0.485364 0.483684 0.106861 0.125523
0 0.195535 0.408140 0.006255 0.015576
1 0.605108 0.788107 0.039772 0.017367
0 0.744229 0.432032 0.106633 0.085023
0 0.571604 0.080750 0.106932 0.160090
3 0.140169 0.355790 0.106851 0.124971
3 0.021905 0.454268 0.025229 0.011013
0 0.122863 0.290723 0.071852 0.061938
0 0.504788 0.232045 0.008189 0.043040
0 0.140171 0.425952 0.106872 0.050925
3 0.140170 0.491802 0.106837 0.113336
3 0.744148 0.468976 0.106887 0.159707
1 0.327496 0.208433 0.012976 0.022158
0 0.484540 0.714324 0.105167 0.042737
1 0.047325 0.418372 0.014809 0.015015
0 0.464088 0.228730 0.020511 0.022852
2 0.916603 0.338848 0.106587 0.035618
0 0.658774 0.579563 0.105297 0.040621
0 0.586693 0.206686 0.008351 0.029759
0 0.657913 0.112934 0.106932 0.095939
