1 0.653986 0.060986 0.015802 0.030290
2 0.226392 0.857289 0.106596 0.159969
0 0.017115 0.894466 0.011352 0.061435
3 0.147317 0.934836 0.092260 0.128873
3 0.883401 0.169219 0.040714 0.079415
3 0.169713 0.904001 0.048019 0.067256
3 0.657822 0.468818 0.106913 0.160281
2 0.916622 0.080613 0.106659 0.160392
3 0.524001 0.398322 0.029798 0.043360
2 0.830351 0.210056 0.106775 0.160533
2 0.571568 0.598271 0.106762 0.160326
2 0.571482 0.339493 0.106637 0.160138
3 0.466830 0.130877 0.027547 0.058337
2 0.657875 0.210140 0.106752 0.160479
1 0.423413 0.554172 0.015300 0.024276
3 0.744150 0.080982 0.106733 0.159499
2 0.398193 0.857137 0.105126 0.160172
1 0.502183 0.602052 0.019264 0.027294
3 0.347930 0.652531 0.036780 0.052560
2 0.312738 0.727980 0.106462 0.159944
2 0.744255 0.210192 0.106498 0.160780
2 0.485246 0.468984 0.106569 0.160138
3 0.744259 0.210293 0.106423 0.160857
2 0.424317 0.758218 0.056350 0.100059
3 0.257468 0.965215 0.045067 0.068555
2 0.744075 0.339560 0.106629 0.160335
0 0.380302 0.916660 0.011916 0.042070
1 0.347585 0.919554 0.009841 0.011343
2 0.323232 0.928008 0.085684 0.142842
2 0.657877 0.120345 0.106913 0.081226
3 0.258906 0.778740 0.042243 0.058916
1 0.569579 0.780287 0.006490 0.009180
2 0.360494 0.425061 0.030148 0.064424
3 0.916736 0.857254 0.106870 0.160295
2 0.355376 0.406357 0.021285 0.027310
3 0.657889 0.210178 0.106688 0.160422
3 0.916736 0.919114 0.106851 0.160227
2 0.830451 0.468895 0.106980 0.160391
2 0.053934 0.080820 0.106808 0.160202
2 0.916739 0.468929 0.106963 0.160409
2 0.726072 0.465828 0.070878 0.154706
2 0.916739 0.339486 0.106930 0.160323
2 0.744198 0.857163 0.106951 0.160304
1 0.744197 0.727798 0.106858 0.160371
2 0.830472 0.727754 0.106987 0.160370
3 0.543605 0.822554 0.051157 0.091676
0 0.380096 0.947467 0.013080 0.104094
2 0.656070 0.598263 0.103060 0.160268
2 0.946203 0.727876 0.106859 0.160183
2 0.830466 0.919062 0.106981 0.160363
0 0.455179 0.857260 0.022132 0.160625
1 0.380391 0.901768 0.010524 0.012461
3 0.312788 0.080763 0.106847 0.160245
0 0.453221 0.919123 0.022884 0.160563
3 0.946201 0.468987 0.106870 0.160291
2 0.830461 0.857174 0.106917 0.160308
2 0.946206 0.919029 0.106936 0.160348
2 0.744185 0.919072 0.106940 0.160317
2 0.946214 0.598329 0.106798 0.160249
3 0.830461 0.857267 0.106823 0.160221
3 0.916745 0.727864 0.106851 0.160122
3 0.830461 0.919173 0.106847 0.160217
1 0.916740 0.919029 0.106931 0.160357
2 0.830407 0.080710 0.106779 0.160468
2 0.946204 0.857168 0.106935 0.160418
3 0.571597 0.919157 0.106813 0.160235
3 0.744185 0.727874 0.106808 0.160245
3 0.946205 0.598437 0.106754 0.160138
3 0.830473 0.727832 0.106867 0.160236
3 0.657885 0.857299 0.106765 0.160237
2 0.140195 0.080814 0.106766 0.160093
2 0.398999 0.080793 0.106649 0.160243
2 0.140206 0.469040 0.106778 0.160092
1 0.355465 0.424851 0.021801 0.064041
1 0.465405 0.522879 0.015748 0.019141
2 0.744171 0.598363 0.106988 0.160296
2 0.485346 0.727770 0.106658 0.160212
2 0.053964 0.339610 0.106698 0.160067
3 0.226483 0.469049 0.106723 0.160155
2 0.657904 0.857220 0.106781 0.160330
3 0.618875 0.677290 0.029331 0.060000
2 0.830475 0.598347 0.106867 0.160309
2 0.140229 0.339648 0.106803 0.160088
3 0.744198 0.857242 0.106747 0.160137
3 0.946203 0.339589 0.106857 0.160238
3 0.657890 0.919207 0.106663 0.160085
3 0.744183 0.919171 0.106786 0.160172
3 0.830469 0.598449 0.106863 0.160121
3 0.140179 0.210186 0.106736 0.160096
3 0.898343 0.140682 0.011901 0.022412
2 0.226491 0.339645 0.106754 0.160193
2 0.053949 0.210260 0.106722 0.159973
1 0.657826 0.468896 0.107056 0.160321
1 0.936507 0.054789 0.009623 0.016153
2 0.571366 0.727815 0.106384 0.160490
2 0.657898 0.919103 0.106749 0.160236
0 0.485352 0.857237 0.106602 0.160535
2 0.577854 0.469445 0.094131 0.159684
1 0.604601 0.284257 0.020316 0.034284
2 0.312788 0.080678 0.106945 0.160397
2 0.226439 0.210210 0.106616 0.160000
3 0.485335 0.857265 0.106551 0.160541
3 0.662307 0.341300 0.097657 0.156853
2 0.571618 0.919067 0.106938 0.160391
3 0.140229 0.727852 0.106694 0.160099
2 0.662030 0.341067 0.098345 0.157924
2 0.140197 0.727942 0.106678 0.159959
1 0.726030 0.465684 0.070858 0.153791
0 0.226496 0.080699 0.106724 0.160110
3 0.434363 0.555226 0.036338 0.047744
2 0.226502 0.468958 0.106773 0.160247
3 0.312695 0.727907 0.106517 0.160011
3 0.053934 0.469087 0.106606 0.160037
1 0.147350 0.935126 0.092238 0.128506
2 0.657875 0.727814 0.106918 0.160167
0 0.445905 0.210177 0.025882 0.159891
0 0.442382 0.282495 0.007647 0.046813
1 0.226431 0.857426 0.106614 0.159775
2 0.053918 0.727919 0.106675 0.159851
2 0.342811 0.897156 0.046954 0.081255
1 0.609754 0.269898 0.030725 0.041407
2 0.140209 0.210112 0.106736 0.160196
2 0.312778 0.210151 0.106751 0.160112
2 0.654003 0.061013 0.015984 0.030658
1 0.347952 0.652532 0.036744 0.052441
2 0.398977 0.210266 0.106415 0.160056
1 0.916542 0.080671 0.106585 0.160407
0 0.657853 0.210155 0.106746 0.160319
0 0.483905 0.919045 0.102811 0.160403
3 0.916700 0.210118 0.107075 0.160512
0 0.744160 0.210272 0.106317 0.160689
1 0.455105 0.857332 0.021837 0.160675
3 0.371896 0.916243 0.030114 0.042466
2 0.398926 0.598859 0.106655 0.159113
1 0.466749 0.130863 0.027284 0.058287
1 0.453229 0.919176 0.022746 0.160636
2 0.053951 0.468995 0.106658 0.160201
3 0.459830 0.531119 0.034536 0.036826
3 0.398975 0.598650 0.106592 0.159339
1 0.891325 0.635346 0.006953 0.007555
2 0.485338 0.857265 0.106549 0.160810
2 0.140198 0.598481 0.106720 0.159828
1 0.450116 0.688394 0.008275 0.010792
2 0.434383 0.555222 0.036191 0.048000
2 0.053929 0.598484 0.106650 0.159705
1 0.017128 0.894441 0.011655 0.061467
0 0.618919 0.677365 0.029314 0.060179
1 0.226502 0.598474 0.106709 0.159892
0 0.725984 0.465686 0.070680 0.154145
1 0.830335 0.210090 0.106667 0.160448
1 0.571508 0.339608 0.106487 0.159948
1 0.169738 0.904000 0.047974 0.067192
1 0.524012 0.398339 0.029789 0.043266
2 0.396995 0.919009 0.103022 0.160399
3 0.485163 0.598394 0.106361 0.159849
3 0.226526 0.598419 0.106745 0.160089
1 0.883365 0.169116 0.040627 0.079154
2 0.502994 0.625580 0.071534 0.106190
1 0.537007 0.416292 0.038250 0.055817
2 0.946170 0.210082 0.107096 0.160537
2 0.321423 0.328366 0.067523 0.092106
3 0.252408 0.646200 0.054956 0.016396
2 0.320690 0.868420 0.090787 0.137929
1 0.362184 0.930083 0.004750 0.007590
1 0.571577 0.598328 0.106729 0.160222
2 0.830464 0.339515 0.106811 0.160363
1 0.744066 0.339542 0.106733 0.160255
3 0.483472 0.919085 0.102380 0.160424
0 0.830396 0.080767 0.106704 0.160354
3 0.804454 0.309948 0.055178 0.101728
0 0.321466 0.328289 0.067525 0.092479
1 0.879313 0.635632 0.004960 0.006394
1 0.916743 0.468982 0.106884 0.160327
2 0.543646 0.822654 0.051343 0.091912
3 0.226374 0.918956 0.106408 0.159736
1 0.312792 0.080764 0.106904 0.160225
1 0.459377 0.531145 0.035222 0.036702
2 0.246064 0.006408 0.030690 0.012702
0 0.658159 0.339731 0.105654 0.160023
1 0.830472 0.857254 0.106903 0.160167
1 0.744213 0.857203 0.106832 0.160227
0 0.442061 0.257263 0.007293 0.066408
1 0.946207 0.857214 0.106910 0.160375
3 0.577402 0.469410 0.094990 0.159704
3 0.226464 0.080765 0.106679 0.160054
3 0.571567 0.857206 0.106827 0.160081
0 0.423421 0.554222 0.015320 0.024542
1 0.749193 0.011693 0.009633 0.023169
2 0.036160 0.964109 0.020881 0.043503
0 0.744118 0.080822 0.106628 0.159797
3 0.434194 0.521790 0.036316 0.055056
0 0.471504 0.598095 0.079348 0.159723
1 0.946202 0.727839 0.106961 0.160194
3 0.653982 0.061838 0.018350 0.034433
1 0.355404 0.406371 0.021317 0.027246
0 0.830460 0.598374 0.106863 0.160086
1 0.744126 0.080999 0.106783 0.159567
1 0.258911 0.778784 0.042238 0.058874
1 0.436325 0.520217 0.015612 0.050322
1 0.398976 0.080849 0.106593 0.160162
0 0.371728 0.916343 0.029826 0.042522
0 0.804244 0.309327 0.054787 0.100688
1 0.830463 0.468974 0.107039 0.160457
1 0.618891 0.677226 0.029269 0.059992
1 0.713766 0.541450 0.032016 0.041318
3 0.312891 0.919296 0.106243 0.159844
1 0.257448 0.965247 0.045151 0.068509
1 0.245919 0.006146 0.029810 0.012173
2 0.502195 0.602049 0.019354 0.027464
0 0.405412 0.735861 0.093269 0.144031
3 0.830441 0.339575 0.106806 0.160246
1 0.830471 0.727808 0.106942 0.160222
0 0.373675 0.947058 0.027239 0.104973
2 0.210173 0.892904 0.074403 0.108505
1 0.053940 0.080829 0.106815 0.160138
1 0.744182 0.919139 0.106839 0.160108
0 0.485375 0.210269 0.106399 0.159315
0 0.210072 0.892889 0.074356 0.108633
1 0.744187 0.598451 0.107003 0.160083
3 0.609737 0.269876 0.030780 0.041466
1 0.371891 0.916257 0.029701 0.042476
0 0.399005 0.210221 0.106469 0.160205
0 0.571426 0.727839 0.106404 0.160374
1 0.830465 0.919146 0.106866 0.160261
1 0.657251 0.598389 0.105368 0.160298
1 0.946194 0.598427 0.106746 0.160072
1 0.140208 0.080788 0.106731 0.159971
1 0.571603 0.919158 0.106902 0.160177
1 0.657874 0.919179 0.106654 0.160006
0 0.916569 0.080677 0.106557 0.160324
3 0.053919 0.857278 0.106575 0.159737
3 0.036004 0.964215 0.021110 0.043772
1 0.657870 0.210136 0.106643 0.160101
1 0.946238 0.339574 0.107007 0.160271
1 0.612995 0.917232 0.005369 0.008562
1 0.312723 0.727796 0.106602 0.159894
1 0.244924 0.968641 0.004467 0.007497
3 0.366327 0.946847 0.041573 0.105001
1 0.140171 0.210152 0.106703 0.160133
1 0.442908 0.699280 0.022605 0.055809
1 0.483456 0.919004 0.102563 0.160430
1 0.657897 0.857302 0.106749 0.160116
1 0.226394 0.210168 0.106546 0.159857
1 0.226483 0.469046 0.106729 0.160067
3 0.485384 0.210336 0.106249 0.159369
1 0.445993 0.146061 0.025458 0.032704
0 0.397249 0.919042 0.103415 0.160478
0 0.485342 0.339598 0.106735 0.159991
1 0.380273 0.916645 0.012225 0.042037
2 0.226370 0.919028 0.106453 0.159785
0 0.053948 0.857237 0.106658 0.159985
0 0.312781 0.598546 0.106658 0.159902
1 0.320731 0.868258 0.090825 0.138218
3 0.609894 0.210041 0.030648 0.160317
0 0.445985 0.146033 0.025227 0.032712
3 0.443126 0.143822 0.018983 0.034396
2 0.565416 0.103659 0.093058 0.111860
1 0.140239 0.339620 0.106804 0.159964
3 0.245922 0.006201 0.029953 0.012238
3 0.226552 0.728086 0.106573 0.159886
0 0.398093 0.339679 0.104523 0.160078
1 0.053982 0.339568 0.106702 0.159977
1 0.657879 0.727775 0.107000 0.160088
2 0.571542 0.857298 0.106856 0.160048
0 0.707252 0.890392 0.030754 0.101798
1 0.369191 0.662608 0.004222 0.009609
